1850   -0.308   -0.363   -0.278   -0.467   -0.149   -0.417   -0.199   -0.484   -0.145   -0.516   -0.113
1851   -0.229   -0.280   -0.198   -0.394   -0.065   -0.327   -0.132   -0.408   -0.060   -0.433   -0.034
1852   -0.133   -0.184   -0.104   -0.288    0.021   -0.218   -0.049   -0.304    0.024   -0.324    0.045
1853   -0.141   -0.195   -0.115   -0.278   -0.005   -0.254   -0.029   -0.296   -0.002   -0.334    0.036
1854   -0.200   -0.255   -0.172   -0.331   -0.069   -0.296   -0.104   -0.349   -0.065   -0.378   -0.036
1855   -0.247   -0.299   -0.217   -0.373   -0.121   -0.349   -0.145   -0.390   -0.116   -0.424   -0.082
1856   -0.296   -0.351   -0.270   -0.426   -0.167   -0.398   -0.195   -0.444   -0.165   -0.477   -0.132
1857   -0.528   -0.580   -0.501   -0.665   -0.392   -0.648   -0.409   -0.680   -0.389   -0.723   -0.346
1858   -0.478   -0.530   -0.453   -0.620   -0.336   -0.584   -0.372   -0.636   -0.335   -0.669   -0.301
1859   -0.358   -0.414   -0.332   -0.519   -0.196   -0.467   -0.249   -0.534   -0.196   -0.566   -0.164
1860   -0.296   -0.350   -0.268   -0.467   -0.126   -0.426   -0.167   -0.480   -0.125   -0.523   -0.083
1861   -0.446   -0.493   -0.413   -0.638   -0.255   -0.599   -0.294   -0.648   -0.253   -0.700   -0.201
1862   -0.386   -0.433   -0.353   -0.578   -0.194   -0.543   -0.229   -0.588   -0.192   -0.643   -0.137
1863   -0.395   -0.448   -0.361   -0.599   -0.190   -0.562   -0.228   -0.606   -0.186   -0.665   -0.128
1864   -0.503   -0.552   -0.471   -0.704   -0.302   -0.656   -0.350   -0.713   -0.300   -0.763   -0.249
1865   -0.197   -0.245   -0.166   -0.407    0.013   -0.375   -0.020   -0.417    0.013   -0.481    0.076
1866   -0.258   -0.306   -0.218   -0.458   -0.058   -0.439   -0.078   -0.465   -0.052   -0.532    0.016
1867   -0.150   -0.204   -0.113   -0.336    0.036   -0.332    0.032   -0.344    0.041   -0.416    0.114
1868   -0.159   -0.216   -0.125   -0.332    0.015   -0.318    0.000   -0.344    0.016   -0.404    0.076
1869   -0.158   -0.207   -0.132   -0.321    0.005   -0.298   -0.018   -0.334    0.005   -0.384    0.055
1870   -0.235   -0.276   -0.211   -0.395   -0.075   -0.349   -0.121   -0.406   -0.075   -0.441   -0.039
1871   -0.170   -0.213   -0.142   -0.337   -0.004   -0.300   -0.041   -0.345   -0.001   -0.388    0.042
1872   -0.323   -0.360   -0.295   -0.475   -0.171   -0.449   -0.197   -0.481   -0.167   -0.526   -0.123
1873   -0.302   -0.337   -0.271   -0.457   -0.148   -0.420   -0.185   -0.462   -0.143   -0.501   -0.104
1874   -0.482   -0.522   -0.442   -0.632   -0.333   -0.609   -0.356   -0.636   -0.325   -0.682   -0.280
1875   -0.237   -0.289   -0.201   -0.378   -0.096   -0.319   -0.156   -0.388   -0.090   -0.408   -0.069
1876   -0.331   -0.386   -0.291   -0.465   -0.196   -0.427   -0.235   -0.476   -0.189   -0.505   -0.160
1877    0.092    0.035    0.138   -0.038    0.222   -0.011    0.195   -0.049    0.230   -0.082    0.265
1878    0.215    0.156    0.256    0.083    0.346    0.129    0.300    0.070    0.354    0.047    0.378
1879   -0.215   -0.270   -0.181   -0.334   -0.096   -0.298   -0.132   -0.347   -0.092   -0.371   -0.067
1880   -0.215   -0.273   -0.179   -0.330   -0.101   -0.308   -0.123   -0.344   -0.096   -0.375   -0.064
1881   -0.052   -0.106   -0.017   -0.161    0.056   -0.145    0.041   -0.172    0.063   -0.204    0.095
1882   -0.240   -0.296   -0.208   -0.348   -0.131   -0.324   -0.156   -0.361   -0.126   -0.387   -0.099
1883   -0.312   -0.361   -0.282   -0.409   -0.215   -0.391   -0.233   -0.421   -0.209   -0.447   -0.183
1884   -0.379   -0.424   -0.349   -0.467   -0.290   -0.445   -0.312   -0.476   -0.284   -0.497   -0.263
1885   -0.288   -0.340   -0.262   -0.373   -0.203   -0.355   -0.221   -0.385   -0.197   -0.406   -0.176
1886   -0.337   -0.385   -0.311   -0.419   -0.254   -0.395   -0.278   -0.430   -0.249   -0.447   -0.232
1887   -0.444   -0.493   -0.415   -0.531   -0.356   -0.499   -0.388   -0.542   -0.351   -0.557   -0.336
1888   -0.079   -0.127   -0.049   -0.167    0.010   -0.137   -0.020   -0.178    0.016   -0.194    0.032
1889   -0.053   -0.113   -0.016   -0.145    0.039   -0.120    0.013   -0.158    0.047   -0.178    0.067
1890   -0.513   -0.580   -0.468   -0.605   -0.421   -0.586   -0.440   -0.621   -0.410   -0.644   -0.387
1891   -0.235   -0.309   -0.185   -0.329   -0.142   -0.308   -0.163   -0.348   -0.130   -0.370   -0.108
1892   -0.458   -0.538   -0.402   -0.556   -0.360   -0.523   -0.392   -0.576   -0.346   -0.593   -0.328
1893   -0.498   -0.573   -0.443   -0.595   -0.400   -0.561   -0.434   -0.615   -0.387   -0.632   -0.370
1894   -0.485   -0.564   -0.426   -0.581   -0.389   -0.560   -0.409   -0.602   -0.375   -0.625   -0.352
1895   -0.264   -0.335   -0.207   -0.361   -0.167   -0.336   -0.192   -0.379   -0.157   -0.400   -0.135
1896   -0.016   -0.083    0.034   -0.112    0.081   -0.092    0.061   -0.129    0.091   -0.152    0.115
1897    0.006   -0.057    0.055   -0.091    0.103   -0.060    0.072   -0.107    0.115   -0.125    0.133
1898   -0.345   -0.412   -0.296   -0.440   -0.249   -0.401   -0.288   -0.458   -0.236   -0.471   -0.222
1899   -0.207   -0.279   -0.147   -0.305   -0.110   -0.251   -0.164   -0.323   -0.093   -0.331   -0.085
1900    0.023   -0.043    0.083   -0.080    0.127   -0.033    0.080   -0.101    0.141   -0.114    0.154
1901   -0.127   -0.202   -0.070   -0.228   -0.027   -0.185   -0.069   -0.249   -0.012   -0.262    0.002
1902   -0.177   -0.242   -0.127   -0.266   -0.087   -0.231   -0.122   -0.286   -0.075   -0.299   -0.061
1903   -0.359   -0.425   -0.307   -0.447   -0.272   -0.409   -0.309   -0.464   -0.259   -0.476   -0.247
1904   -0.494   -0.556   -0.435   -0.579   -0.408   -0.544   -0.443   -0.597   -0.393   -0.609   -0.381
1905   -0.262   -0.325   -0.199   -0.344   -0.180   -0.311   -0.213   -0.364   -0.164   -0.375   -0.152
1906   -0.241   -0.297   -0.184   -0.320   -0.162   -0.299   -0.183   -0.338   -0.146   -0.353   -0.130
1907   -0.366   -0.423   -0.322   -0.446   -0.287   -0.422   -0.311   -0.464   -0.275   -0.478   -0.260
1908   -0.479   -0.533   -0.424   -0.555   -0.403   -0.534   -0.424   -0.574   -0.391   -0.589   -0.376
1909   -0.453   -0.504   -0.404   -0.524   -0.383   -0.508   -0.399   -0.543   -0.371   -0.558   -0.355
1910   -0.501   -0.559   -0.455   -0.567   -0.434   -0.563   -0.438   -0.588   -0.418   -0.608   -0.397
1911   -0.479   -0.535   -0.423   -0.542   -0.415   -0.539   -0.418   -0.565   -0.400   -0.584   -0.380
1912   -0.237   -0.293   -0.190   -0.301   -0.172   -0.289   -0.184   -0.323   -0.157   -0.338   -0.141
1913   -0.361   -0.412   -0.312   -0.425   -0.296   -0.409   -0.313   -0.444   -0.283   -0.457   -0.270
1914   -0.198   -0.255   -0.146   -0.270   -0.126   -0.249   -0.147   -0.291   -0.113   -0.305   -0.099
1915   -0.027   -0.091    0.038   -0.104    0.050   -0.084    0.030   -0.130    0.065   -0.145    0.081
1916   -0.386   -0.449   -0.323   -0.458   -0.314   -0.448   -0.323   -0.483   -0.297   -0.502   -0.277
1917   -0.539   -0.607   -0.470   -0.614   -0.463   -0.614   -0.464   -0.642   -0.443   -0.666   -0.418
1918   -0.334   -0.411   -0.262   -0.415   -0.254   -0.406   -0.263   -0.446   -0.230   -0.467   -0.209
1919   -0.204   -0.267   -0.131   -0.279   -0.129   -0.276   -0.132   -0.303   -0.106   -0.326   -0.082
1920   -0.272   -0.334   -0.209   -0.343   -0.201   -0.337   -0.207   -0.366   -0.183   -0.386   -0.163
1921   -0.243   -0.301   -0.193   -0.310   -0.176   -0.299   -0.187   -0.333   -0.162   -0.349   -0.145
1922   -0.296   -0.350   -0.241   -0.360   -0.232   -0.347   -0.245   -0.381   -0.217   -0.395   -0.202
1923   -0.251   -0.311   -0.195   -0.312   -0.190   -0.297   -0.204   -0.335   -0.176   -0.347   -0.163
1924   -0.224   -0.283   -0.171   -0.285   -0.164   -0.265   -0.184   -0.308   -0.149   -0.318   -0.139
1925   -0.212   -0.280   -0.158   -0.273   -0.151   -0.253   -0.172   -0.299   -0.137   -0.309   -0.127
1926    0.044   -0.018    0.092   -0.016    0.103    0.005    0.082   -0.043    0.117   -0.051    0.126
1927   -0.113   -0.169   -0.061   -0.169   -0.056   -0.146   -0.079   -0.191   -0.041   -0.198   -0.034
1928   -0.129   -0.194   -0.080   -0.187   -0.071   -0.163   -0.094   -0.211   -0.058   -0.217   -0.050
1929   -0.244   -0.310   -0.195   -0.302   -0.186   -0.275   -0.212   -0.327   -0.172   -0.332   -0.166
1930   -0.076   -0.145   -0.025   -0.134   -0.019   -0.111   -0.041   -0.159   -0.006   -0.166    0.001
1931    0.068   -0.000    0.121    0.011    0.126    0.031    0.106   -0.015    0.139   -0.023    0.148
1932   -0.110   -0.175   -0.061   -0.169   -0.052   -0.150   -0.070   -0.193   -0.039   -0.202   -0.029
1933   -0.204   -0.267   -0.154   -0.261   -0.146   -0.247   -0.160   -0.286   -0.133   -0.297   -0.121
1934   -0.189   -0.252   -0.143   -0.245   -0.133   -0.233   -0.146   -0.269   -0.123   -0.280   -0.110
1935   -0.133   -0.192   -0.088   -0.188   -0.078   -0.169   -0.097   -0.208   -0.067   -0.216   -0.058
1936   -0.095   -0.153   -0.051   -0.146   -0.044   -0.135   -0.054   -0.164   -0.032   -0.175   -0.020
1937    0.020   -0.038    0.063   -0.030    0.071   -0.024    0.065   -0.049    0.082   -0.062    0.096
1938   -0.099   -0.154   -0.061   -0.152   -0.046   -0.149   -0.049   -0.170   -0.036   -0.186   -0.019
1939   -0.107   -0.154   -0.075   -0.167   -0.048   -0.162   -0.053   -0.184   -0.038   -0.202   -0.020
1940    0.130    0.077    0.171    0.065    0.194    0.081    0.178    0.048    0.205    0.034    0.219
1941    0.241    0.182    0.276    0.183    0.299    0.209    0.273    0.162    0.311    0.155    0.318
1942    0.004   -0.066    0.052   -0.063    0.072   -0.024    0.032   -0.093    0.087   -0.096    0.091
1943   -0.119   -0.181   -0.074   -0.186   -0.053   -0.153   -0.086   -0.214   -0.039   -0.220   -0.032
1944    0.075    0.014    0.120    0.015    0.136    0.037    0.114   -0.014    0.151   -0.022    0.160
1945    0.050   -0.002    0.092   -0.011    0.112   -0.013    0.113   -0.036    0.125   -0.056    0.148
1946   -0.005   -0.062    0.029   -0.068    0.058   -0.069    0.060   -0.089    0.069   -0.111    0.092
1947    0.014   -0.057    0.062   -0.046    0.074   -0.047    0.074   -0.080    0.095   -0.098    0.115
1948   -0.056   -0.131   -0.005   -0.113    0.000   -0.127    0.015   -0.149    0.026   -0.173    0.053
1949   -0.113   -0.166   -0.066   -0.165   -0.060   -0.150   -0.075   -0.193   -0.045   -0.202   -0.036
1950   -0.223   -0.274   -0.175   -0.274   -0.171   -0.253   -0.192   -0.299   -0.153   -0.305   -0.147
1951   -0.049   -0.092   -0.010   -0.097   -0.001   -0.078   -0.019   -0.114    0.014   -0.120    0.020
1952    0.071    0.030    0.111    0.025    0.117    0.044    0.097    0.010    0.134    0.005    0.140
1953    0.072    0.031    0.113    0.027    0.118    0.043    0.101    0.012    0.135    0.006    0.142
1954   -0.159   -0.200   -0.118   -0.204   -0.114   -0.192   -0.126   -0.218   -0.099   -0.227   -0.090
1955   -0.284   -0.321   -0.249   -0.328   -0.241   -0.313   -0.255   -0.341   -0.228   -0.348   -0.221
1956   -0.317   -0.352   -0.284   -0.360   -0.274   -0.342   -0.293   -0.373   -0.263   -0.378   -0.257
1957    0.014   -0.021    0.048   -0.028    0.056   -0.008    0.036   -0.040    0.069   -0.044    0.073
1958    0.145    0.114    0.180    0.105    0.185    0.123    0.167    0.096    0.199    0.091    0.203
1959    0.043    0.014    0.073    0.004    0.082    0.022    0.064   -0.006    0.093   -0.010    0.097
1960   -0.021   -0.050    0.008   -0.059    0.018   -0.038   -0.003   -0.068    0.028   -0.071    0.031
1961   -0.032   -0.068   -0.007   -0.067    0.003   -0.046   -0.017   -0.077    0.013   -0.080    0.015
1962   -0.077   -0.106   -0.056   -0.112   -0.042   -0.090   -0.064   -0.123   -0.035   -0.125   -0.033
1963    0.076    0.041    0.106    0.040    0.111    0.062    0.090    0.026    0.121    0.024    0.123
1964   -0.145   -0.172   -0.112   -0.179   -0.111   -0.158   -0.132   -0.189   -0.095   -0.191   -0.093
1965   -0.073   -0.097   -0.040   -0.106   -0.040   -0.085   -0.061   -0.118   -0.025   -0.119   -0.024
1966    0.043    0.018    0.075    0.010    0.075    0.031    0.055   -0.001    0.087   -0.003    0.089
1967   -0.147   -0.170   -0.121   -0.178   -0.116   -0.160   -0.134   -0.186   -0.107   -0.188   -0.105
1968   -0.115   -0.135   -0.096   -0.145   -0.086   -0.127   -0.103   -0.151   -0.080   -0.153   -0.078
1969    0.246    0.223    0.267    0.217    0.275    0.234    0.258    0.208    0.283    0.206    0.285
1970    0.008   -0.017    0.029   -0.021    0.037   -0.005    0.020   -0.029    0.047   -0.031    0.049
1971   -0.290   -0.311   -0.263   -0.318   -0.262   -0.303   -0.277   -0.325   -0.249   -0.327   -0.247
1972    0.043    0.024    0.075    0.015    0.072    0.031    0.056    0.009    0.083    0.007    0.085
1973    0.064    0.049    0.087    0.037    0.092    0.051    0.077    0.032    0.100    0.029    0.102
1974   -0.296   -0.313   -0.277   -0.324   -0.269   -0.311   -0.282   -0.330   -0.264   -0.333   -0.261
1975   -0.332   -0.350   -0.316   -0.359   -0.305   -0.345   -0.319   -0.363   -0.299   -0.366   -0.297
1976   -0.250   -0.266   -0.230   -0.278   -0.221   -0.263   -0.236   -0.282   -0.217   -0.285   -0.214
1977    0.021    0.007    0.039   -0.007    0.049    0.006    0.036   -0.010    0.054   -0.013    0.057
1978   -0.062   -0.077   -0.042   -0.090   -0.034   -0.077   -0.047   -0.094   -0.028   -0.097   -0.025
1979    0.084    0.062    0.104    0.058    0.109    0.070    0.097    0.050    0.117    0.047    0.120
1980    0.136    0.118    0.152    0.109    0.164    0.123    0.150    0.103    0.168    0.100    0.171
1981    0.018   -0.001    0.034   -0.011    0.046    0.004    0.032   -0.018    0.051   -0.020    0.054
1982    0.065    0.037    0.086    0.033    0.096    0.048    0.081    0.023    0.103    0.020    0.106
1983    0.222    0.198    0.244    0.191    0.254    0.205    0.240    0.181    0.260    0.178    0.264
1984    0.003   -0.022    0.024   -0.028    0.034   -0.015    0.020   -0.037    0.041   -0.041    0.045
1985   -0.063   -0.086   -0.042   -0.094   -0.032   -0.078   -0.048   -0.103   -0.026   -0.106   -0.023
1986    0.048    0.023    0.071    0.019    0.077    0.034    0.062    0.005    0.085    0.002    0.088
1987    0.358    0.332    0.389    0.330    0.386    0.341    0.375    0.315    0.397    0.312    0.401
1988    0.205    0.175    0.231    0.175    0.234    0.187    0.222    0.162    0.245    0.158    0.248
1989   -0.014   -0.046    0.022   -0.042    0.014   -0.029    0.001   -0.057    0.027   -0.060    0.029
1990    0.206    0.170    0.244    0.179    0.233    0.193    0.219    0.162    0.249    0.160    0.251
1991    0.206    0.166    0.243    0.178    0.234    0.193    0.219    0.159    0.251    0.157    0.253
1992    0.109    0.068    0.150    0.083    0.135    0.096    0.123    0.062    0.155    0.060    0.157
1993    0.162    0.121    0.204    0.137    0.188    0.149    0.176    0.113    0.209    0.111    0.210
1994    0.159    0.113    0.201    0.133    0.185    0.146    0.172    0.107    0.207    0.106    0.208
1995    0.285    0.239    0.330    0.260    0.310    0.271    0.298    0.231    0.335    0.229    0.336
1996    0.193    0.150    0.233    0.170    0.217    0.180    0.206    0.139    0.241    0.137    0.242
1997    0.368    0.321    0.409    0.342    0.394    0.354    0.382    0.317    0.416    0.315    0.418
1998    0.564    0.515    0.606    0.536    0.591    0.548    0.579    0.506    0.615    0.504    0.617
1999    0.158    0.106    0.202    0.135    0.181    0.141    0.174    0.099    0.206    0.096    0.209
2000    0.170    0.128    0.220    0.148    0.192    0.154    0.186    0.118    0.223    0.116    0.226
2001    0.350    0.305    0.401    0.326    0.374    0.335    0.365    0.295    0.405    0.292    0.407
2002    0.469    0.422    0.513    0.446    0.492    0.453    0.485    0.413    0.523    0.410    0.526
2003    0.507    0.460    0.552    0.485    0.530    0.492    0.523    0.451    0.560    0.448    0.563
2004    0.430    0.383    0.473    0.409    0.451    0.412    0.448    0.376    0.482    0.372    0.486
2005    0.487    0.438    0.532    0.467    0.507    0.470    0.504    0.430    0.539    0.427    0.542
2006    0.449    0.399    0.495    0.429    0.469    0.431    0.468    0.393    0.501    0.389    0.505
2007    0.365    0.320    0.408    0.345    0.384    0.347    0.382    0.313    0.415    0.309    0.418
2008    0.274    0.226    0.318    0.255    0.293    0.257    0.291    0.219    0.323    0.216    0.327
2009    0.541    0.492    0.584    0.523    0.559    0.526    0.556    0.487    0.591    0.485    0.594
2010    0.535    0.485    0.579    0.518    0.553    0.521    0.550    0.480    0.585    0.478    0.588
2011    0.243    0.197    0.287    0.222    0.264    0.224    0.262    0.189    0.295    0.184    0.299
2012    0.346    0.300    0.391    0.321    0.371    0.324    0.369    0.289    0.399    0.284    0.404
2013    0.404    0.356    0.448    0.381    0.427    0.381    0.427    0.346    0.456    0.340    0.462
2014    0.516    0.472    0.562    0.492    0.540    0.489    0.544    0.459    0.570    0.451    0.578
2015    0.737    0.690    0.781    0.714    0.759    0.712    0.762    0.680    0.789    0.673    0.795
2016    0.763    0.713    0.806    0.741    0.786    0.738    0.789    0.705    0.816    0.698    0.823
2017    0.563    0.514    0.607    0.533    0.594    0.535    0.592    0.501    0.619    0.493    0.626
2018    0.472    0.424    0.517    0.450    0.494    0.445    0.500    0.416    0.526    0.408    0.533
2019    0.618    0.569    0.668    0.583    0.653    0.322    0.915    0.555    0.684    0.315    0.922
